36
0 16 3 200 4000000 2.000000
0 16 3 201 4000000 2.000000
1 16 3 202 4000000 2.000000
1 16 3 203 4000000 2.000000
2 16 3 204 4000000 2.000000
2 16 3 205 4000000 2.000000
3 16 3 206 4000000 2.000000
3 16 3 207 4000000 2.000000
4 16 3 208 4000000 2.000000
4 16 3 209 4000000 2.000000
5 16 3 210 4000000 2.000000
5 16 3 211 4000000 2.000000
6 16 3 212 4000000 2.000000
6 16 3 213 4000000 2.000000
7 16 3 214 4000000 2.000000
7 16 3 215 4000000 2.000000
48 16 3 216 4000000 2.000000
48 16 3 217 4000000 2.000000
49 16 3 218 4000000 2.000000
49 16 3 219 4000000 2.000000
50 16 3 220 4000000 2.000000
50 16 3 221 4000000 2.000000
51 16 3 222 4000000 2.000000
51 16 3 223 4000000 2.000000
52 16 3 224 4000000 2.000000
52 16 3 225 4000000 2.000000
53 16 3 226 4000000 2.000000
53 16 3 227 4000000 2.000000
54 16 3 228 4000000 2.000000
54 16 3 229 4000000 2.000000
55 16 3 230 4000000 2.000000
55 16 3 231 4000000 2.000000
32 17 3 100 3000000 2.000300
32 17 3 101 3000000 2.000300
32 17 3 102 3000000 2.000300
32 17 3 103 3000000 2.000300
