32
16 0 3 100 200000000 2.000000000
17 0 3 100 200000000 2.000000000
18 0 3 100 200000000 2.000000000
19 0 3 100 200000000 2.000000000
20 0 3 100 200000000 2.000000000
21 0 3 100 200000000 2.000000000
22 0 3 100 200000000 2.000000000
23 0 3 100 200000000 2.000000000
24 0 3 100 200000000 2.000000000
25 0 3 100 200000000 2.000000000
26 0 3 100 200000000 2.000000000
27 0 3 100 200000000 2.000000000
28 0 3 100 200000000 2.000000000
29 0 3 100 200000000 2.000000000
30 0 3 100 200000000 2.000000000
31 0 3 100 200000000 2.000000000
32 0 3 100 200000000 2.000000000
33 0 3 100 200000000 2.000000000
34 0 3 100 200000000 2.000000000
35 0 3 100 200000000 2.000000000
36 0 3 100 200000000 2.000000000
37 0 3 100 200000000 2.000000000
38 0 3 100 200000000 2.000000000
39 0 3 100 200000000 2.000000000
40 0 3 100 200000000 2.000000000
41 0 3 100 200000000 2.000000000
42 0 3 100 200000000 2.000000000
43 0 3 100 200000000 2.000000000
44 0 3 100 200000000 2.000000000
45 0 3 100 200000000 2.000000000
46 0 3 100 200000000 2.000000000
47 0 3 100 200000000 2.000000000
